monk1


Fraction: 0.3

0.8045977011494253
0.7701149425287356
0.7126436781609196
0.7471264367816092
0.8160919540229885
0.7816091954022989
0.8850574712643678
0.8045977011494253
0.7931034482758621
0.8160919540229885
0.6781609195402298
0.735632183908046
0.8620689655172413
0.8735632183908046
0.735632183908046
0.7701149425287356
0.7816091954022989
0.7126436781609196
0.7586206896551724
0.735632183908046
0.7586206896551724
0.735632183908046
0.8850574712643678
0.8045977011494253
0.6896551724137931
0.7586206896551724
0.7241379310344828
0.7931034482758621
0.8735632183908046
0.8160919540229885
0.6666666666666666
0.9195402298850575
0.7816091954022989
0.7586206896551724
0.8275862068965517
0.735632183908046
0.7931034482758621
0.6666666666666666
0.7701149425287356
0.7816091954022989
0.7241379310344828
0.7816091954022989
0.8275862068965517
0.7241379310344828
0.7931034482758621
0.7931034482758621
0.8160919540229885
0.8390804597701149
0.8505747126436781
0.7471264367816092
0.7701149425287356
0.735632183908046
0.7241379310344828
0.6781609195402298
0.7931034482758621
0.7931034482758621
0.7126436781609196
0.7126436781609196
0.7586206896551724
0.7816091954022989
0.7931034482758621
0.7816091954022989
0.7011494252873564
0.7816091954022989
0.8045977011494253
0.8160919540229885
0.7701149425287356
0.8735632183908046
0.7816091954022989
0.8160919540229885
0.8045977011494253
0.7931034482758621
0.6781609195402298
0.7816091954022989
0.7011494252873564
0.7471264367816092
0.7471264367816092
0.7931034482758621
0.8275862068965517
0.7471264367816092
0.7586206896551724
0.7931034482758621
0.6896551724137931
0.8735632183908046
0.7816091954022989
0.7816091954022989
0.7126436781609196
0.7241379310344828
0.7816091954022989
0.7701149425287356
0.6781609195402298
0.7011494252873564
0.7471264367816092
0.8505747126436781
0.7471264367816092
0.8160919540229885
0.7931034482758621
0.7816091954022989
0.9080459770114943
0.7586206896551724
0.8160919540229885
0.7931034482758621
0.7586206896551724
0.7586206896551724
0.8390804597701149
0.8045977011494253
0.7931034482758621
0.7701149425287356
0.6206896551724138
0.735632183908046
0.7471264367816092
0.7816091954022989
0.7586206896551724
0.7931034482758621
0.7816091954022989
0.7126436781609196
0.8160919540229885
0.7241379310344828
0.7241379310344828
0.6551724137931034
0.7471264367816092
0.7931034482758621
0.7241379310344828
0.7816091954022989
0.8160919540229885
0.7241379310344828
0.6896551724137931
0.7586206896551724


Fraction: 0.4

0.7066666666666667
0.7333333333333333
0.8933333333333333
0.7866666666666666
0.8666666666666667
0.9066666666666666
0.8933333333333333
0.7066666666666667
0.84
0.8666666666666667
0.7066666666666667
0.8133333333333334
0.7733333333333333
0.76
0.7733333333333333
0.7066666666666667
0.8
0.76
0.8133333333333334
0.8266666666666667
0.8933333333333333
0.76
0.8133333333333334
0.8133333333333334
0.7333333333333333
0.7866666666666666
0.8133333333333334
0.8
0.8
0.9733333333333334
0.84
0.92
0.76
0.84
0.8666666666666667
0.72
0.8533333333333334
0.8133333333333334
0.84
0.7466666666666667
0.8133333333333334
0.8533333333333334
0.7866666666666666
0.7333333333333333
0.72
0.8133333333333334
0.8933333333333333
0.8266666666666667
0.84
0.7333333333333333
0.8533333333333334
0.8133333333333334
0.88
0.8
0.88
0.76
0.8
0.88
0.7866666666666666
0.7733333333333333
0.7733333333333333
0.7333333333333333
0.8266666666666667
0.7866666666666666
0.8533333333333334
0.8266666666666667
0.7333333333333333
0.8133333333333334
0.7466666666666667
0.8533333333333334
0.7733333333333333
0.7733333333333333
0.8133333333333334
0.7466666666666667
0.8266666666666667
0.8
0.7733333333333333
0.76
0.88
0.6533333333333333
0.7466666666666667
0.88
0.8533333333333334
0.7733333333333333
0.84
0.88
0.8666666666666667
0.8133333333333334
0.76
0.7866666666666666
0.6933333333333334
0.84
0.7733333333333333
0.8133333333333334
0.6933333333333334
0.7733333333333333
0.72
0.84
0.9066666666666666
0.76
0.8
0.8533333333333334
0.8133333333333334
0.8266666666666667
0.8533333333333334
0.7866666666666666
0.7333333333333333
0.7866666666666666
0.8133333333333334
0.8266666666666667
0.9066666666666666
0.8533333333333334
0.8
0.7333333333333333
0.8666666666666667
0.6533333333333333
0.7466666666666667
0.7466666666666667
0.6933333333333334
0.7866666666666666
0.8133333333333334
0.8933333333333333
0.8533333333333334
0.8
0.84
0.76
0.9066666666666666
0.9466666666666667


Fraction: 0.5

0.9354838709677419
0.9354838709677419
0.8548387096774194
0.9193548387096774
0.8387096774193549
0.8870967741935484
0.8387096774193549
0.9032258064516129
0.8064516129032258
0.8387096774193549
0.8387096774193549
0.6935483870967742
0.8548387096774194
0.9354838709677419
0.8387096774193549
0.7580645161290323
0.8548387096774194
0.9032258064516129
0.8870967741935484
0.8225806451612904
0.8548387096774194
0.8709677419354839
0.8064516129032258
0.8064516129032258
0.9032258064516129
0.8870967741935484
0.8225806451612904
0.9032258064516129
0.7580645161290323
0.8870967741935484
0.8225806451612904
0.9032258064516129
0.8225806451612904
0.8548387096774194
0.8709677419354839
0.7741935483870968
0.6774193548387096
0.8709677419354839
0.8225806451612904
0.7741935483870968
0.8387096774193549
0.8064516129032258
0.7903225806451613
0.7580645161290323
0.9193548387096774
0.8064516129032258
0.8709677419354839
0.9193548387096774
0.8870967741935484
0.8709677419354839
0.8225806451612904
0.8225806451612904
0.8548387096774194
0.8709677419354839
0.7903225806451613
0.8064516129032258
0.8225806451612904
0.8225806451612904
0.9032258064516129
0.9193548387096774
0.7580645161290323
0.8709677419354839
0.8064516129032258
0.7903225806451613
0.7741935483870968
0.7903225806451613
0.8709677419354839
0.8225806451612904
0.7741935483870968
0.8709677419354839
0.7903225806451613
0.7580645161290323
0.8225806451612904
0.8870967741935484
0.8064516129032258
0.7741935483870968
0.8225806451612904
0.7741935483870968
0.8870967741935484
0.8387096774193549
0.8387096774193549
0.7580645161290323
0.9032258064516129
0.9032258064516129
0.7741935483870968
0.7903225806451613
0.7903225806451613
0.8225806451612904
0.8225806451612904
0.9516129032258065
0.7741935483870968
0.9032258064516129
0.9354838709677419
0.8709677419354839
0.8064516129032258
0.7741935483870968
0.8548387096774194
0.7903225806451613
0.8870967741935484
0.7741935483870968
0.6935483870967742
0.7580645161290323
0.8709677419354839
0.7419354838709677
0.7741935483870968
0.8387096774193549
0.7903225806451613
0.9354838709677419
0.7741935483870968
0.8709677419354839
0.7419354838709677
0.7419354838709677
0.9032258064516129
0.8870967741935484
0.7419354838709677
0.9193548387096774
0.8225806451612904
0.8387096774193549
0.7258064516129032
0.7903225806451613
0.8064516129032258
0.7580645161290323
0.8225806451612904
0.9354838709677419
0.7903225806451613
0.8225806451612904
0.7903225806451613
0.8548387096774194


Fraction: 0.6

0.92
0.72
0.88
0.82
0.82
0.72
0.88
0.86
0.82
0.88
0.86
0.96
0.84
0.9
0.92
0.9
0.76
0.78
0.88
0.88
0.78
0.94
0.9
0.76
0.94
0.8
0.84
0.78
0.82
0.88
0.92
0.78
0.8
0.96
0.9
0.74
0.8
0.8
0.84
0.88
0.9
0.8
0.84
0.8
0.84
0.82
0.84
0.86
0.84
0.8
0.94
0.84
0.82
0.86
0.88
0.82
0.9
0.8
0.66
0.84
0.9
0.8
0.86
0.86
0.9
0.86
0.9
0.86
0.8
0.88
0.84
0.88
0.92
0.96
0.9
0.82
0.9
0.74
0.86
0.92
0.98
0.74
0.86
0.86
0.76
0.9
0.98
0.88
0.76
0.82
0.88
0.88
0.86
0.92
0.8
0.88
0.8
0.88
0.96
0.76
0.82
0.96
0.74
0.94
0.96
0.86
0.9
0.82
0.84
0.76
0.8
0.92
0.84
0.8
0.72
0.84
0.92
0.82
0.82
0.86
0.88
0.86
0.82
0.76
0.72
0.94
0.86
0.9


Fraction: 0.7

1.0
0.8947368421052632
0.8947368421052632
0.8421052631578947
0.868421052631579
0.868421052631579
0.9736842105263158
0.8947368421052632
0.868421052631579
0.9210526315789473
0.8421052631578947
0.9736842105263158
0.8421052631578947
0.7631578947368421
0.868421052631579
0.8947368421052632
0.9473684210526315
0.7631578947368421
0.868421052631579
0.8421052631578947
0.868421052631579
0.868421052631579
0.7894736842105263
0.8947368421052632
0.8947368421052632
0.9210526315789473
0.8421052631578947
0.9210526315789473
0.9210526315789473
0.8157894736842105
0.8421052631578947
0.9473684210526315
0.8157894736842105
0.7894736842105263
0.9210526315789473
0.9473684210526315
0.868421052631579
0.9210526315789473
0.8947368421052632
0.9473684210526315
1.0
0.868421052631579
0.8157894736842105
0.9210526315789473
0.868421052631579
0.8157894736842105
0.9473684210526315
0.8947368421052632
0.8947368421052632
0.868421052631579
0.868421052631579
0.9473684210526315
0.868421052631579
0.8157894736842105
0.7894736842105263
1.0
0.7631578947368421
0.7631578947368421
0.9210526315789473
0.9736842105263158
0.9473684210526315
1.0
0.9736842105263158
0.9473684210526315
0.8421052631578947
0.7894736842105263
0.868421052631579
0.9210526315789473
0.8421052631578947
0.8421052631578947
0.8947368421052632
0.9210526315789473
0.6842105263157895
0.9210526315789473
0.7894736842105263
0.9473684210526315
0.9210526315789473
0.7631578947368421
0.8947368421052632
0.9210526315789473
0.8421052631578947
0.9210526315789473
0.868421052631579
0.9473684210526315
0.8947368421052632
0.868421052631579
0.8421052631578947
0.8421052631578947
0.9473684210526315
0.9736842105263158
0.8947368421052632
0.8421052631578947
0.868421052631579
0.7894736842105263
0.8947368421052632
0.868421052631579
0.8421052631578947
0.9210526315789473
0.868421052631579
0.9210526315789473
0.8157894736842105
0.8947368421052632
0.8947368421052632
0.868421052631579
0.8421052631578947
0.9210526315789473
0.8421052631578947
0.7894736842105263
0.7894736842105263
0.9210526315789473
0.7105263157894737
0.8421052631578947
0.9473684210526315
0.8947368421052632
0.7631578947368421
0.8421052631578947
0.8947368421052632
0.868421052631579
0.9210526315789473
0.8157894736842105
0.9473684210526315
0.9210526315789473
0.8157894736842105
0.7368421052631579
0.9473684210526315
0.9473684210526315
0.9210526315789473
0.8157894736842105


Fraction: 0.8

0.88
0.84
0.88
0.84
1.0
0.88
0.92
1.0
0.64
0.96
0.88
0.84
0.88
0.84
0.84
0.84
0.96
0.88
0.92
0.92
0.84
0.88
0.76
0.84
0.92
1.0
0.88
0.96
0.8
1.0
0.84
0.96
0.96
0.8
0.88
0.92
0.92
0.8
0.76
0.96
0.92
0.88
0.8
0.88
0.96
0.84
0.92
0.88
0.92
0.8
0.88
0.84
0.88
0.88
0.92
0.92
0.8
0.88
0.84
1.0
0.84
0.92
0.96
0.72
0.88
0.92
1.0
0.88
0.84
0.76
0.88
1.0
0.8
0.8
0.84
0.84
0.96
0.96
0.96
0.88
0.84
0.76
0.96
0.84
0.88
0.84
0.84
0.92
0.92
0.76
0.88
0.92
0.88
0.84
0.84
0.92
0.88
0.92
0.8
0.96
0.92
0.92
0.88
0.8
0.84
0.96
0.92
0.84
0.84
0.88
0.88
0.84
0.88
0.84
0.88
0.88
0.96
0.8
0.88
0.96
0.88
0.76
0.88
0.8
0.8
0.88
0.92
0.88
Finished monk1

monk3


Fraction: 0.3

0.9069767441860465
0.7790697674418605
0.8255813953488372
0.872093023255814
0.7906976744186046
0.9069767441860465
0.9302325581395349
0.9302325581395349
0.9534883720930233
0.9302325581395349
0.872093023255814
0.9302325581395349
0.8604651162790697
0.8488372093023255
0.9302325581395349
0.8372093023255814
0.872093023255814
0.9069767441860465
0.7790697674418605
0.9302325581395349
0.9302325581395349
0.9302325581395349
0.872093023255814
0.8604651162790697
0.8837209302325582
0.6976744186046512
0.8604651162790697
0.8604651162790697
0.8604651162790697
0.8837209302325582
0.8372093023255814
0.9302325581395349
0.8255813953488372
0.9302325581395349
0.9186046511627907
0.8837209302325582
0.8837209302325582
0.9302325581395349
0.9186046511627907
0.9186046511627907
0.8604651162790697
0.9069767441860465
0.9069767441860465
0.9069767441860465
0.9186046511627907
0.9302325581395349
0.7790697674418605
0.872093023255814
0.9418604651162791
0.8604651162790697
0.8255813953488372
0.9186046511627907
0.8023255813953488
0.872093023255814
0.8953488372093024
0.7441860465116279
0.9302325581395349
0.9069767441860465
0.8255813953488372
0.9418604651162791
0.7674418604651163
0.8488372093023255
0.9186046511627907
0.8604651162790697
0.813953488372093
0.9186046511627907
0.813953488372093
0.872093023255814
0.8255813953488372
0.8372093023255814
0.9186046511627907
0.9069767441860465
0.8953488372093024
0.9186046511627907
0.9186046511627907
0.8488372093023255
0.8023255813953488
0.8604651162790697
0.9069767441860465
0.7558139534883721
0.9069767441860465
0.9186046511627907
0.872093023255814
0.8837209302325582
0.872093023255814
0.8837209302325582
0.8023255813953488
0.872093023255814
0.9186046511627907
0.7558139534883721
0.8604651162790697
0.872093023255814
0.9069767441860465
0.8837209302325582
0.8023255813953488
0.8953488372093024
0.8488372093023255
0.8837209302325582
0.8953488372093024
0.8837209302325582
0.8837209302325582
0.9069767441860465
0.8604651162790697
0.9302325581395349
0.7906976744186046
0.7441860465116279
0.9069767441860465
0.8255813953488372
0.8604651162790697
0.9069767441860465
0.9418604651162791
0.9186046511627907
0.9069767441860465
0.8953488372093024
0.8837209302325582
0.9302325581395349
0.9534883720930233
0.8604651162790697
0.8837209302325582
0.9302325581395349
0.8604651162790697
0.8488372093023255
0.9069767441860465
0.9418604651162791
0.9302325581395349
0.9069767441860465
0.8953488372093024
0.7906976744186046


Fraction: 0.4

0.9324324324324325
0.9324324324324325
0.9054054054054054
0.8918918918918919
0.8783783783783784
0.918918918918919
0.9459459459459459
0.918918918918919
0.9459459459459459
0.8513513513513513
0.8918918918918919
0.9459459459459459
0.9459459459459459
0.9054054054054054
0.918918918918919
0.918918918918919
0.8243243243243243
0.918918918918919
0.8918918918918919
0.9324324324324325
0.9324324324324325
0.9324324324324325
0.9054054054054054
0.8918918918918919
0.8243243243243243
0.9459459459459459
0.918918918918919
0.9324324324324325
0.918918918918919
0.8783783783783784
0.8648648648648649
0.918918918918919
0.9324324324324325
0.9459459459459459
0.9324324324324325
0.9459459459459459
0.9324324324324325
0.918918918918919
0.8918918918918919
0.9054054054054054
0.9324324324324325
0.9594594594594594
0.9324324324324325
0.8783783783783784
0.9054054054054054
0.8648648648648649
0.9324324324324325
0.8513513513513513
0.9459459459459459
0.918918918918919
0.9459459459459459
0.9324324324324325
0.9054054054054054
0.8918918918918919
0.918918918918919
0.9324324324324325
0.9459459459459459
0.9054054054054054
0.9054054054054054
0.9324324324324325
0.918918918918919
0.9054054054054054
0.9324324324324325
0.918918918918919
0.918918918918919
0.8918918918918919
0.918918918918919
0.918918918918919
0.9459459459459459
0.9459459459459459
0.8783783783783784
0.8783783783783784
0.9594594594594594
0.9054054054054054
0.9594594594594594
0.9324324324324325
0.9459459459459459
0.8648648648648649
0.918918918918919
0.9054054054054054
0.8648648648648649
0.9054054054054054
0.9459459459459459
0.8918918918918919
0.9324324324324325
0.8648648648648649
0.8108108108108109
0.8648648648648649
0.9054054054054054
0.8243243243243243
0.7837837837837838
0.9324324324324325
0.8648648648648649
0.7837837837837838
0.9054054054054054
0.9324324324324325
0.9324324324324325
0.8648648648648649
0.918918918918919
0.8783783783783784
0.918918918918919
0.9324324324324325
0.9054054054054054
0.918918918918919
0.8783783783783784
0.8648648648648649
0.9459459459459459
0.918918918918919
0.8243243243243243
0.9054054054054054
0.9324324324324325
0.8648648648648649
0.9054054054054054
0.8783783783783784
0.8513513513513513
0.8243243243243243
0.9459459459459459
0.918918918918919
0.9324324324324325
0.9324324324324325
0.8783783783783784
0.918918918918919
0.9459459459459459
0.9459459459459459
0.8918918918918919
0.9459459459459459
0.9324324324324325
0.9054054054054054


Fraction: 0.5

0.9672131147540983
0.9508196721311475
0.8360655737704918
0.9836065573770492
0.9016393442622951
0.8360655737704918
0.8852459016393442
0.9508196721311475
0.9672131147540983
0.9344262295081968
0.9180327868852459
0.9508196721311475
0.9344262295081968
0.9344262295081968
0.9180327868852459
0.9016393442622951
0.9344262295081968
0.9344262295081968
0.9508196721311475
0.8852459016393442
0.8852459016393442
0.9344262295081968
0.9180327868852459
0.9836065573770492
0.9180327868852459
0.9180327868852459
0.9180327868852459
0.8852459016393442
0.9344262295081968
0.9344262295081968
0.9508196721311475
0.9344262295081968
0.9508196721311475
0.9672131147540983
0.9672131147540983
0.9344262295081968
0.9344262295081968
0.9344262295081968
0.8688524590163934
0.9180327868852459
0.9508196721311475
0.8688524590163934
0.8852459016393442
0.9016393442622951
0.9344262295081968
0.9180327868852459
0.819672131147541
0.9016393442622951
0.9508196721311475
0.9344262295081968
0.8852459016393442
0.8852459016393442
0.9180327868852459
0.8852459016393442
0.9508196721311475
0.9344262295081968
0.9180327868852459
0.819672131147541
0.9508196721311475
0.8852459016393442
0.8524590163934426
0.8360655737704918
0.9344262295081968
0.9344262295081968
0.9016393442622951
0.8524590163934426
0.8524590163934426
0.9016393442622951
0.9508196721311475
0.9016393442622951
0.8688524590163934
0.9508196721311475
0.9180327868852459
0.9180327868852459
0.9508196721311475
0.9508196721311475
0.9180327868852459
0.8852459016393442
0.9672131147540983
0.9180327868852459
0.9016393442622951
0.9180327868852459
0.9508196721311475
0.9016393442622951
0.8852459016393442
0.9016393442622951
0.9508196721311475
0.9344262295081968
0.9180327868852459
0.9016393442622951
0.9180327868852459
0.9180327868852459
0.9672131147540983
0.8524590163934426
0.9016393442622951
0.9508196721311475
0.9836065573770492
0.8852459016393442
0.9836065573770492
0.9344262295081968
0.9836065573770492
0.9344262295081968
0.9344262295081968
0.9344262295081968
0.9508196721311475
0.9016393442622951
0.9180327868852459
0.9180327868852459
0.9016393442622951
0.9016393442622951
0.9344262295081968
0.9180327868852459
0.8852459016393442
0.9180327868852459
0.9344262295081968
0.9344262295081968
0.9344262295081968
0.8524590163934426
0.9508196721311475
0.9344262295081968
0.9180327868852459
0.9344262295081968
0.9344262295081968
0.9180327868852459
0.9344262295081968
0.9016393442622951
0.9180327868852459
0.9508196721311475


Fraction: 0.6

0.9591836734693877
0.9387755102040817
0.9387755102040817
0.9387755102040817
0.8775510204081632
0.9387755102040817
0.8775510204081632
0.8979591836734694
0.9795918367346939
0.9387755102040817
0.9387755102040817
0.9183673469387755
0.9795918367346939
0.9183673469387755
0.9183673469387755
0.8367346938775511
0.8979591836734694
0.9591836734693877
0.9387755102040817
0.9591836734693877
0.9183673469387755
0.8979591836734694
0.9387755102040817
0.9183673469387755
0.9183673469387755
0.9591836734693877
0.9795918367346939
0.9591836734693877
0.9183673469387755
0.9591836734693877
0.8571428571428571
0.9183673469387755
0.8979591836734694
0.8979591836734694
0.9387755102040817
0.9387755102040817
0.9387755102040817
0.9183673469387755
0.9591836734693877
0.8775510204081632
0.8775510204081632
0.9591836734693877
0.9591836734693877
0.9183673469387755
0.9183673469387755
0.8571428571428571
0.8775510204081632
0.8367346938775511
0.9591836734693877
0.9591836734693877
0.8979591836734694
0.9591836734693877
0.8571428571428571
0.8775510204081632
0.9387755102040817
0.9387755102040817
0.9795918367346939
0.9387755102040817
0.9183673469387755
0.9183673469387755
0.9387755102040817
0.9795918367346939
0.9795918367346939
0.9591836734693877
0.9387755102040817
0.8775510204081632
0.8571428571428571
0.9591836734693877
0.8775510204081632
0.9591836734693877
0.9387755102040817
0.9183673469387755
0.9591836734693877
0.9591836734693877
0.9591836734693877
0.9591836734693877
0.8571428571428571
0.9591836734693877
0.9183673469387755
0.9183673469387755
0.9387755102040817
0.9387755102040817
0.9387755102040817
0.9591836734693877
0.9591836734693877
0.9183673469387755
0.9795918367346939
0.9183673469387755
0.8979591836734694
0.8775510204081632
0.8571428571428571
0.9591836734693877
0.8979591836734694
0.9387755102040817
0.9387755102040817
0.9591836734693877
0.9183673469387755
0.9387755102040817
0.8775510204081632
0.9795918367346939
0.9795918367346939
0.9387755102040817
0.8775510204081632
0.9795918367346939
0.9183673469387755
0.9591836734693877
0.9387755102040817
0.9795918367346939
0.9183673469387755
0.9183673469387755
0.9183673469387755
0.9387755102040817
0.9795918367346939
0.8979591836734694
0.9183673469387755
0.9387755102040817
0.8775510204081632
0.8979591836734694
0.9183673469387755
0.8775510204081632
0.9591836734693877
0.9387755102040817
0.9591836734693877
0.9183673469387755
0.9591836734693877
0.8979591836734694
0.9387755102040817
0.9591836734693877


Fraction: 0.7

0.8378378378378378
0.9459459459459459
0.8648648648648649
1.0
0.9459459459459459
0.972972972972973
0.918918918918919
1.0
0.9459459459459459
1.0
0.972972972972973
0.9459459459459459
0.8378378378378378
0.972972972972973
0.9459459459459459
0.9459459459459459
0.8918918918918919
0.9459459459459459
0.972972972972973
0.8918918918918919
1.0
0.918918918918919
0.972972972972973
0.8648648648648649
0.918918918918919
0.918918918918919
0.918918918918919
0.9459459459459459
0.9459459459459459
0.8918918918918919
0.9459459459459459
0.918918918918919
0.972972972972973
0.972972972972973
0.972972972972973
1.0
1.0
0.8918918918918919
0.918918918918919
0.918918918918919
0.8648648648648649
0.972972972972973
0.8648648648648649
0.918918918918919
0.9459459459459459
0.9459459459459459
0.918918918918919
0.918918918918919
0.972972972972973
0.972972972972973
0.918918918918919
0.9459459459459459
0.9459459459459459
1.0
0.8378378378378378
0.972972972972973
0.9459459459459459
0.918918918918919
0.918918918918919
0.918918918918919
0.972972972972973
0.9459459459459459
0.9459459459459459
0.9459459459459459
0.972972972972973
0.918918918918919
0.972972972972973
0.8648648648648649
0.8918918918918919
0.918918918918919
0.8918918918918919
0.972972972972973
0.918918918918919
0.9459459459459459
0.8918918918918919
0.9459459459459459
0.8918918918918919
0.8918918918918919
0.9459459459459459
0.918918918918919
0.972972972972973
0.8918918918918919
0.918918918918919
0.9459459459459459
0.8918918918918919
0.9459459459459459
0.9459459459459459
0.8918918918918919
0.9459459459459459
0.9459459459459459
0.918918918918919
1.0
0.972972972972973
0.8648648648648649
0.9459459459459459
0.8918918918918919
0.972972972972973
0.918918918918919
0.9459459459459459
0.9459459459459459
0.918918918918919
0.8918918918918919
0.8918918918918919
0.918918918918919
0.918918918918919
0.9459459459459459
0.9459459459459459
0.972972972972973
0.8378378378378378
0.9459459459459459
0.918918918918919
0.972972972972973
0.8918918918918919
0.9459459459459459
0.918918918918919
0.972972972972973
0.918918918918919
0.9459459459459459
0.8918918918918919
0.918918918918919
0.8918918918918919
0.9459459459459459
0.972972972972973
0.972972972972973
0.972972972972973
0.8648648648648649
0.9459459459459459
0.9459459459459459


Fraction: 0.8

0.96
0.92
0.96
0.96
0.96
1.0
0.96
0.96
1.0
1.0
0.96
0.88
1.0
0.84
1.0
0.88
0.88
0.96
0.92
0.92
0.92
0.96
0.92
0.96
0.92
0.96
0.92
0.96
0.96
0.96
0.96
0.96
0.88
0.96
1.0
0.96
0.96
1.0
0.92
0.88
0.92
1.0
0.92
0.92
0.88
1.0
0.96
0.96
0.96
1.0
0.92
0.92
0.92
0.88
1.0
0.92
0.96
1.0
1.0
0.92
0.96
0.92
0.96
0.96
0.96
1.0
0.88
0.76
0.96
1.0
0.96
1.0
0.84
0.92
0.92
0.96
0.92
1.0
0.92
0.92
0.92
1.0
1.0
1.0
0.96
0.92
0.84
0.96
0.96
0.96
0.92
0.92
0.96
1.0
0.96
0.92
0.88
0.96
0.96
0.96
0.96
1.0
0.96
0.92
0.88
